263847069615
264496139856
261053228432
264930772891
267303621610
264294818235
265779497944
269715278178
268745785599
263129255134
261374265760
263757823793
269168481423
267970491819
268423075786
265042321135
268809948417
261834435827
264334462440
267143516497
268421447349
261931368485
261176135507
264383814778
264732453929
269785438717
262813029045
263431940147
261145031879
266223252814
268071277497
267855137105
268093323809
263408835568
266742369182
262880996102
264233675641
264320073477
268374407088
264986867640
263544360340
261497617975
263902371073
268489307894
266587513768
263061106501
262051054027
262132703420
267659337249
267963331011
263449644533
263936637927
263588805679
268464619999
269580932212
266209773658
266959489404
267146837236
262494012767
263649610411
263942769795
268624698990
266801112993
265376423575
261613684962
263477590642
263401808767
262905775627
265577728533
263322134979
269880443992
265826546236
261214466648
264811788727
269572722394
263586789173
262831722379
262670177228
268148397921
266975212274
269200918121
267440347556
264635410472
265002483467
265826237664
262272565583
262548862612
262547886642
263543794577
264848747447
262480608583
